# Fix print output for fix 3
1000 1.05665496602739 -0.166032029121669 -3.31864109250557 1.58426101870469 -1.73438007380088 -3.31864109250557
2000 1.04565452767537 -0.0450767055548719 -3.30229845268254 1.56776787171719 -1.73453058096534 -3.30229845268254
3000 1.08136258682964 -0.120532951089667 -3.35766614882611 1.62130558079965 -1.73636056802646 -3.35766614882611
4000 1.05378425627401 0.0230856800358932 -3.32043400624133 1.57995691404942 -1.74047709219191 -3.32043400624133
5000 1.07461629031174 -0.0581421889230077 -3.35813936403417 1.61119074205138 -1.7469486219828 -3.35813936403417
6000 1.09184464760305 -0.0408392158787418 -3.39292328826604 1.63702151534113 -1.75590177292491 -3.39292328826604
7000 1.04978494633173 -0.0526813584332278 -3.34079331908168 1.57396067966169 -1.76683263941999 -3.34079331908168
8000 1.0523618134677 -0.133865136422338 -3.35628948167278 1.57782422101166 -1.77846526066113 -3.35628948167278
9000 1.06873670767371 -0.0934670260034453 -3.39211285998122 1.60237538237469 -1.78973747760653 -3.39211285998122
10000 1.05778847794013 -0.0503825667006038 -3.38589714935801 1.58596051266945 -1.79993663668856 -3.38589714935801
11000 1.06929137708076 -0.00536081642067793 -3.4122594518416 1.60320700778518 -1.80905244405642 -3.4122594518416
12000 1.05531121855852 -0.0268894517077071 -3.3996436046431 1.58224631494391 -1.81739728969919 -3.3996436046431
13000 1.04160948959747 -0.0481282207591849 -3.38687113377729 1.56170307634686 -1.82516805743043 -3.38687113377729
14000 1.05015060597636 0.0329637491755163 -3.40712147627309 1.5745089194748 -1.8326125567983 -3.40712147627309
15000 1.06426520840748 -0.104927035507103 -3.43613514478723 1.59567118638791 -1.84046395839932 -3.43613514478723
16000 1.04860501230669 0.00591778816430348 -3.42111954180902 1.57219158422314 -1.84892795758588 -3.42111954180902
17000 1.05968834487333 -0.112304679148106 -3.4466703106675 1.58880901593663 -1.85786129473087 -3.4466703106675
18000 1.03971915675349 0.00796299971755435 -3.42616624993879 1.55886886770414 -1.86729738223465 -3.42616624993879
19000 1.05704262678072 -0.08778227761329 -3.46190560839495 1.58484224515962 -1.87706336323533 -3.46190560839495
20000 1.05934299625659 -0.00040581879766681 -3.47545913969521 1.588291228798 -1.88716791089721 -3.47545913969521
21000 1.05692767832625 -0.0784270951367091 -3.4822152574176 1.58466990095888 -1.89754535645872 -3.4822152574176
22000 1.04386431228326 -0.0637666347419414 -3.47305192094911 1.56508377089715 -1.90796815005196 -3.47305192094911
23000 1.02934682772068 -0.0364757920801969 -3.46149941046797 1.54331745585431 -1.91818195461366 -3.46149941046797
24000 1.03573093355441 -0.0484424560129918 -3.48080909850338 1.55288925586173 -1.92791984264164 -3.48080909850338
25000 1.03373284705058 -0.134872944612351 -3.4872088307026 1.54989349029796 -1.93731534040464 -3.4872088307026
26000 1.01295149669112 -0.105745732024216 -3.46498218432782 1.51873565320917 -1.94624653111865 -3.46498218432782
27000 1.01063793430425 -0.0243898454964449 -3.47017170067572 1.51526688921175 -1.95490481146397 -3.47017170067572
28000 1.02646700138855 -0.105539176849814 -3.50236304796416 1.53899968255525 -1.96336336540891 -3.50236304796416
29000 1.04304295102445 -0.0274101877530074 -3.53570609669218 1.56385228979269 -1.9718538068995 -3.53570609669218
30000 1.02802371778068 -0.0250972783753875 -3.52206035476621 1.54133369429656 -1.98072666046965 -3.52206035476621
31000 1.03321777840599 -0.0291700701264184 -3.53886110423818 1.54912123899377 -1.98973986524441 -3.53886110423818
32000 1.01147602389197 -0.0144135225132684 -3.51560460098263 1.51652345138833 -1.9990811495943 -3.51560460098263
33000 1.03117658846867 -0.111103854776921 -3.55428401917762 1.54606084770861 -2.00822317146902 -3.55428401917762
34000 1.03475785517782 -0.0814157405225531 -3.56858851680239 1.55143030266534 -2.01715821413705 -3.56858851680239
35000 1.0563735704721 -0.145396470025211 -3.61002790253819 1.58383911749435 -2.02618878504384 -3.61002790253819
36000 1.04395625244429 0.0393026661672202 -3.6008397823062 1.56522161836662 -2.03561816393957 -3.6008397823062
37000 1.04418024098671 -0.0434813337034286 -3.61097092122111 1.56555744825226 -2.04541347296885 -3.61097092122111
38000 1.0346150795821 -0.0864568137588964 -3.60649882442357 1.55121623675168 -2.0552825876719 -3.60649882442357
39000 1.02003899959814 -0.0657970317537405 -3.59411068651076 1.52936206858274 -2.06474861792803 -3.59411068651076
40000 1.0176440211377 0.00992594103008173 -3.59981333145377 1.52577123606171 -2.07404209539206 -3.59981333145377
41000 1.00952023391094 -0.0712787518946944 -3.59658480295433 1.51359110173083 -2.0829937012235 -3.59658480295433
42000 1.0033750301936 -0.0379354132632963 -3.59572891156242 1.50437749178777 -2.09135141977465 -3.59572891156242
43000 1.02239610519237 -0.0307508618477715 -3.63231761137392 1.53289611766212 -2.0994214937118 -3.63231761137392
44000 1.01540058187738 -0.00891554093175465 -3.62980089600778 1.52240760887761 -2.10739328713018 -3.62980089600778
45000 1.03822364823967 -0.0236855946682671 -3.67204501457845 1.55662662599066 -2.11541838858779 -3.67204501457845
46000 1.02277769274389 -0.00888475316634196 -3.65735304292931 1.5334682384608 -2.12388480446851 -3.65735304292931
47000 0.993922044743229 0.0536792990329036 -3.62258034111153 1.49020446763049 -2.13237587348104 -3.62258034111153
48000 1.01012006181385 -0.0646394316878754 -3.65512611626594 1.51449043405317 -2.14063568221276 -3.65512611626594
49000 1.00546682918954 -0.0240886683741545 -3.65607662004168 1.50751376210758 -2.1485628579341 -3.65607662004168
50000 1.01719950961754 -0.0518670172228692 -3.68140105057064 1.52510477227136 -2.15629627829928 -3.68140105057064
51000 1.03763550107278 -0.0606090384208933 -3.71990130130725 1.55574480679734 -2.16415649450991 -3.71990130130725
52000 1.01152641140998 -0.0347246634416053 -3.68882376833661 1.5165989982633 -2.17222477007331 -3.68882376833661
53000 1.01431492334512 0.0275661063079252 -3.70116715809156 1.52077986231171 -2.18038729577985 -3.70116715809156
54000 1.02718815959122 0.00437912035139383 -3.72870992006421 1.54008092748907 -2.18862899257514 -3.72870992006421
55000 1.02821019185818 -0.0922798341042545 -3.73854775418555 1.54161327809779 -2.19693447608776 -3.73854775418555
56000 1.02096695302377 0.00438684521407218 -3.73586621213609 1.53075336516171 -2.20511284697438 -3.73586621213609
57000 1.01411037329388 0.0134963632253861 -3.73379380856446 1.52047317689123 -2.21332063167323 -3.73379380856446
58000 0.997633997932397 -0.00663796462078482 -3.71701793781738 1.49576986308116 -2.22124807473622 -3.71701793781738
59000 0.994865210429603 -0.0279780202556009 -3.7202794347573 1.49161857221443 -2.22866086254286 -3.7202794347573
60000 0.999307579729681 -0.058768225553638 -3.73378399341503 1.49827909314045 -2.23550490027458 -3.73378399341503
61000 0.98086981821929 -0.0328800896551948 -3.71253382195008 1.47063503924185 -2.24189878270823 -3.71253382195008
62000 0.992759883108214 -0.0148908986814351 -3.73599781207379 1.4884620186429 -2.24753579343089 -3.73599781207379
63000 0.984168452418866 -0.0536999107557598 -3.7282070044149 1.47558073840134 -2.25262626601356 -3.7282070044149
64000 0.984398405041307 0.0229220914466818 -3.73315333667837 1.47592551033503 -2.25722782634333 -3.73315333667837
65000 0.985848807614208 -0.0179443723249142 -3.73960676462727 1.47810012393318 -2.26150664069408 -3.73960676462727
66000 0.999971514157093 -0.0824602105803674 -3.7649613078396 1.49927454148087 -2.26568676635873 -3.7649613078396
67000 0.99182466602188 -0.108809978598399 -3.75678361709878 1.48705983153212 -2.26972378556666 -3.75678361709878
68000 1.00360907446605 -0.0194545220911828 -3.77824279147076 1.5047283984029 -2.27351439306786 -3.77824279147076
69000 1.02088603584234 -0.0239051112180144 -3.80804939840892 1.53063204463572 -2.2774173537732 -3.80804939840892
70000 0.990928314498193 -0.107720121126259 -3.76727475644687 1.48571591622988 -2.28155884021699 -3.76727475644687
71000 0.993019071183551 -0.115461154628279 -3.7742236552825 1.48885062379546 -2.28537303148705 -3.7742236552825
72000 0.986479437648183 0.0113013138820689 -3.76787457545468 1.47904563842199 -2.28882893703269 -3.76787457545468
73000 1.00766713196187 -0.0973509714023983 -3.80280653710094 1.51081271401111 -2.29199382308983 -3.80280653710094
74000 0.967618573955253 -0.0775180560628033 -3.74552172220391 1.45076722012226 -2.29475450208165 -3.74552172220391
75000 1.01487224374888 -0.181782599081856 -3.81853614544071 1.52161546240729 -2.29692068303342 -3.81853614544071
76000 0.988031222470312 -0.0659011968658511 -3.78024451998444 1.48137225617533 -2.29887226380911 -3.78024451998444
77000 0.998136403775112 -0.0711022278459582 -3.79717485727243 1.49652312882805 -2.30065172844439 -3.79717485727243
78000 0.974273615594944 -0.0846258265745385 -3.76281146435671 1.46074523885742 -2.30206622549929 -3.76281146435671
79000 0.995727339570887 -0.122173551446122 -3.79588526766312 1.49291117730838 -2.30297409035474 -3.79588526766312
80000 0.996766388824151 -0.0599574088317458 -3.79811942966647 1.49446904177822 -2.30365038788825 -3.79811942966647
81000 0.99015307696436 -0.0334043291402953 -3.78880658340225 1.48455358922194 -2.30425299418031 -3.78880658340225
82000 0.975158013661331 -0.0840780008157492 -3.76664876921729 1.46207123213492 -2.30457753708237 -3.76664876921729
83000 0.976554137115193 -0.130270921312266 -3.76844697495244 1.46416446411354 -2.3042825108389 -3.76844697495244
84000 1.00410501427961 -0.113396205839436 -3.80880774852155 1.50547196952072 -2.30333577900083 -3.80880774852155
85000 1.01021647907363 -0.0458085469044405 -3.81683573665172 1.51463499411403 -2.30220074253769 -3.81683573665172
86000 1.01570273954278 -0.067411168795412 -3.82393781957533 1.5228606390778 -2.30107718049753 -3.82393781957533
87000 0.972058104349299 -0.0720064428436823 -3.75747255932096 1.45742348462749 -2.30004907469347 -3.75747255932096
88000 0.979013454351726 -0.0925283646380215 -3.76633086374102 1.46785176087146 -2.29847910286957 -3.76633086374102
89000 0.994877180881449 -0.0934334047691096 -3.78780462523794 1.49163651971939 -2.29616810551856 -3.78780462523794
90000 0.989863232757112 -0.0108543834638484 -3.77752795318094 1.48411902080197 -2.29340893237897 -3.77752795318094
91000 0.992078370850728 -0.0168649445945523 -3.77793694134622 1.48744021555863 -2.29049672578759 -3.77793694134622
92000 0.993768595862307 -0.0783016804765733 -3.77723234297917 1.48997439907621 -2.28725794390296 -3.77723234297917
93000 0.989004725308599 -0.00202278126619337 -3.76645433152863 1.48283184577448 -2.28362248575415 -3.76645433152863
94000 0.986586878716846 -0.032140324019326 -3.75899379813789 1.47920672666968 -2.27978707146821 -3.75899379813789
95000 0.991522682423778 0.0178433598084624 -3.76228452923997 1.48660706231403 -2.27567746692594 -3.76228452923997
96000 0.992874319447443 0.0140464345400661 -3.75994555068734 1.48863359502043 -2.27131195566691 -3.75994555068734
97000 1.01179546591893 -0.0305920918328241 -3.78403309045008 1.51700239632998 -2.2670306941201 -3.78403309045008
98000 1.02518675673934 -0.00665392842637094 -3.79999424936744 1.53708018966745 -2.26291405969999 -3.79999424936744
99000 1.00122852422793 -0.0508226956140716 -3.76028362268851 1.50115919836449 -2.25912442432402 -3.76028362268851
100000 1.01566079310228 -0.109853926887246 -3.77838894733947 1.52279774805595 -2.25559119928352 -3.77838894733947
