# Time-averaged data for fix 5
# TimeStep Number-of-rows
# Row c_AA[1] c_AA[2] c_AA[3]
200000 500
1 0.0035 0 0
2 0.0105 0 0
3 0.0175 0 0
4 0.0245 0 0
5 0.0315 0 0
6 0.0385 0 0
7 0.0455 0 0
8 0.0525 0 0
9 0.0595 0 0
10 0.0665 0 0
11 0.0735 0 0
12 0.0805 0 0
13 0.0875 0 0
14 0.0945 0 0
15 0.1015 0 0
16 0.1085 0 0
17 0.1155 0 0
18 0.1225 0 0
19 0.1295 0 0
20 0.1365 0 0
21 0.1435 0 0
22 0.1505 0 0
23 0.1575 0 0
24 0.1645 0 0
25 0.1715 0 0
26 0.1785 0 0
27 0.1855 0 0
28 0.1925 0 0
29 0.1995 0 0
30 0.2065 0 0
31 0.2135 0 0
32 0.2205 0 0
33 0.2275 0 0
34 0.2345 0 0
35 0.2415 0 0
36 0.2485 0 0
37 0.2555 0 0
38 0.2625 0 0
39 0.2695 0 0
40 0.2765 0 0
41 0.2835 0 0
42 0.2905 0 0
43 0.2975 0 0
44 0.3045 0 0
45 0.3115 0 0
46 0.3185 0 0
47 0.3255 0 0
48 0.3325 0 0
49 0.3395 0 0
50 0.3465 0 0
51 0.3535 0 0
52 0.3605 0 0
53 0.3675 0 0
54 0.3745 0 0
55 0.3815 0 0
56 0.3885 0 0
57 0.3955 0 0
58 0.4025 0 0
59 0.4095 0 0
60 0.4165 0 0
61 0.4235 0 0
62 0.4305 0 0
63 0.4375 0 0
64 0.4445 0 0
65 0.4515 0 0
66 0.4585 0 0
67 0.4655 0 0
68 0.4725 0 0
69 0.4795 0 0
70 0.4865 0 0
71 0.4935 0 0
72 0.5005 0 0
73 0.5075 0 0
74 0.5145 0 0
75 0.5215 0 0
76 0.5285 0 0
77 0.5355 0 0
78 0.5425 0 0
79 0.5495 0 0
80 0.5565 0 0
81 0.5635 0 0
82 0.5705 0 0
83 0.5775 0 0
84 0.5845 0 0
85 0.5915 0 0
86 0.5985 0 0
87 0.6055 0 0
88 0.6125 0 0
89 0.6195 0 0
90 0.6265 0 0
91 0.6335 0 0
92 0.6405 0 0
93 0.6475 0 0
94 0.6545 0 0
95 0.6615 0 0
96 0.6685 0 0
97 0.6755 0 0
98 0.6825 0 0
99 0.6895 0 0
100 0.6965 0 0
101 0.7035 0 0
102 0.7105 0 0
103 0.7175 0 0
104 0.7245 0 0
105 0.7315 0 0
106 0.7385 0 0
107 0.7455 0 0
108 0.7525 0 0
109 0.7595 0 0
110 0.7665 0 0
111 0.7735 0 0
112 0.7805 0 0
113 0.7875 0 0
114 0.7945 0 0
115 0.8015 0 0
116 0.8085 0 0
117 0.8155 0 0
118 0.8225 0 0
119 0.8295 0 0
120 0.8365 0 0
121 0.8435 0 0
122 0.8505 0 0
123 0.8575 0 0
124 0.8645 0 0
125 0.8715 0 0
126 0.8785 0.0002767 1.87829e-06
127 0.8855 0.000272343 3.75657e-06
128 0.8925 0.00107235 1.12697e-05
129 0.8995 0.00184752 2.44177e-05
130 0.9065 0.00675663 7.32532e-05
131 0.9135 0.0138188 0.000174681
132 0.9205 0.0229344 0.000345605
133 0.9275 0.0431931 0.000672427
134 0.9345 0.0677351 0.00119271
135 0.9415 0.110577 0.00205485
136 0.9485 0.191792 0.0035725
137 0.9555 0.271091 0.00574944
138 0.9625 0.360519 0.00868708
139 0.9695 0.509142 0.0128963
140 0.9765 0.642509 0.0182851
141 0.9835 0.827012 0.0253212
142 0.9905 1.04065 0.0343013
143 0.9975 1.20873 0.0448798
144 1.0045 1.44591 0.0577122
145 1.0115 1.63197 0.0723986
146 1.0185 1.87373 0.0894947
147 1.0255 2.1047 0.108963
148 1.0325 2.27938 0.130336
149 1.0395 2.48752 0.153978
150 1.0465 2.62088 0.179224
151 1.0535 2.78088 0.206371
152 1.0605 2.88385 0.234899
153 1.0675 2.97733 0.264741
154 1.0745 3.09643 0.296185
155 1.0815 3.15197 0.328612
156 1.0885 3.23213 0.362295
157 1.0955 3.29559 0.397083
158 1.1025 3.25827 0.431918
159 1.1095 3.3009 0.467658
160 1.1165 3.37287 0.504639
161 1.1235 3.31676 0.541463
162 1.1305 3.36187 0.579254
163 1.1375 3.28315 0.616619
164 1.1445 3.27083 0.654303
165 1.1515 3.23199 0.691997
166 1.1585 3.17841 0.729517
167 1.1655 3.12038 0.766799
168 1.1725 3.10141 0.804301
169 1.1795 3.01958 0.841251
170 1.1865 3.02091 0.878657
171 1.1935 2.93851 0.915473
172 1.2005 2.86967 0.95185
173 1.2075 2.79885 0.987744
174 1.2145 2.76075 1.02356
175 1.2215 2.72934 1.05938
176 1.2285 2.62701 1.09425
177 1.2355 2.59775 1.12913
178 1.2425 2.57008 1.16403
179 1.2495 2.51565 1.19857
180 1.2565 2.47471 1.23294
181 1.2635 2.40965 1.26677
182 1.2705 2.38039 1.30057
183 1.2775 2.35843 1.33443
184 1.2845 2.26291 1.36727
185 1.2915 2.23537 1.40006
186 1.2985 2.18752 1.4325
187 1.3055 2.17377 1.46509
188 1.3125 2.13354 1.49742
189 1.3195 2.11526 1.52981
190 1.3265 2.09554 1.56224
191 1.3335 2.04778 1.59427
192 1.3405 2.02574 1.62629
193 1.3475 1.97487 1.65783
194 1.3545 1.92565 1.6889
195 1.3615 1.90762 1.72
196 1.3685 1.90241 1.75134
197 1.3755 1.82339 1.78168
198 1.3825 1.84006 1.81262
199 1.3895 1.81758 1.84348
200 1.3965 1.76119 1.87369
201 1.4035 1.74573 1.90394
202 1.4105 1.71749 1.934
203 1.4175 1.72767 1.96453
204 1.4245 1.71926 1.99521
205 1.4315 1.67081 2.02533
206 1.4385 1.62177 2.05485
207 1.4455 1.64984 2.08517
208 1.4525 1.62102 2.11525
209 1.4595 1.6026 2.14527
210 1.4665 1.57681 2.1751
211 1.4735 1.55518 2.2048
212 1.4805 1.60559 2.23576
213 1.4875 1.56359 2.26619
214 1.4945 1.55634 2.29676
215 1.5015 1.55682 2.32763
216 1.5085 1.50403 2.35773
217 1.5155 1.49825 2.388
218 1.5225 1.47161 2.41801
219 1.5295 1.46876 2.44823
220 1.5365 1.46283 2.4786
221 1.5435 1.4478 2.50894
222 1.5505 1.43626 2.53931
223 1.5575 1.44196 2.57008
224 1.5645 1.46302 2.60157
225 1.5715 1.44353 2.63293
226 1.5785 1.44558 2.66461
227 1.5855 1.40006 2.69557
228 1.5925 1.42162 2.72728
229 1.5995 1.41079 2.75903
230 1.6065 1.36924 2.79011
231 1.6135 1.38182 2.82175
232 1.6205 1.3652 2.85328
233 1.6275 1.39016 2.88567
234 1.6345 1.33879 2.91713
235 1.6415 1.34325 2.94896
236 1.6485 1.33092 2.98078
237 1.6555 1.34042 3.01309
238 1.6625 1.33333 3.0455
239 1.6695 1.34477 3.07847
240 1.6765 1.34899 3.11182
241 1.6835 1.33824 3.14518
242 1.6905 1.33682 3.17878
243 1.6975 1.32301 3.21231
244 1.7045 1.33509 3.24643
245 1.7115 1.32157 3.28048
246 1.7185 1.32825 3.31498
247 1.7255 1.32481 3.34968
248 1.7325 1.31278 3.38433
249 1.7395 1.31091 3.41922
250 1.7465 1.30134 3.45414
251 1.7535 1.31194 3.48962
252 1.7605 1.30215 3.52511
253 1.7675 1.32098 3.56141
254 1.7745 1.30474 3.59755
255 1.7815 1.30332 3.63393
256 1.7885 1.30296 3.67059
257 1.7955 1.31057 3.70775
258 1.8025 1.29528 3.74477
259 1.8095 1.2993 3.78219
260 1.8165 1.29455 3.81976
261 1.8235 1.2951 3.85764
262 1.8305 1.28279 3.89544
263 1.8375 1.28771 3.93368
264 1.8445 1.29766 3.97252
265 1.8515 1.30506 4.01187
266 1.8585 1.30118 4.0514
267 1.8655 1.30708 4.0914
268 1.8725 1.31024 4.13181
269 1.8795 1.30636 4.1724
270 1.8865 1.29993 4.21309
271 1.8935 1.30898 4.25437
272 1.9005 1.2935 4.29547
273 1.9075 1.29817 4.33701
274 1.9145 1.29959 4.37891
275 1.9215 1.31078 4.42148
276 1.9285 1.30393 4.46413
277 1.9355 1.3111 4.50733
278 1.9425 1.30863 4.55076
279 1.9495 1.29627 4.59409
280 1.9565 1.30882 4.63816
281 1.9635 1.30748 4.6825
282 1.9705 1.31141 4.72729
283 1.9775 1.32126 4.77273
284 1.9845 1.3171 4.81835
285 1.9915 1.34259 4.86519
286 1.9985 1.31422 4.91136
287 2.0055 1.33092 4.95844
288 2.0125 1.3232 5.00558
289 2.0195 1.33457 5.05345
290 2.0265 1.3313 5.10154
291 2.0335 1.32618 5.14977
292 2.0405 1.33448 5.19865
293 2.0475 1.32654 5.24756
294 2.0545 1.33462 5.29711
295 2.0615 1.33291 5.34693
296 2.0685 1.33029 5.397
297 2.0755 1.32787 5.44731
298 2.0825 1.35264 5.4989
299 2.0895 1.35157 5.55081
300 2.0965 1.33566 5.60244
301 2.1035 1.33238 5.6543
302 2.1105 1.35582 5.70742
303 2.1175 1.34516 5.76047
304 2.1245 1.34341 5.8138
305 2.1315 1.36501 5.86835
306 2.1385 1.34086 5.92228
307 2.1455 1.34507 5.97674
308 2.1525 1.33348 6.03108
309 2.1595 1.33955 6.08603
310 2.1665 1.33541 6.14116
311 2.1735 1.33695 6.19671
312 2.1805 1.32964 6.25232
313 2.1875 1.3439 6.30888
314 2.1945 1.33654 6.36549
315 2.2015 1.30809 6.42125
316 2.2085 1.32923 6.47828
317 2.2155 1.35021 6.53657
318 2.2225 1.34471 6.59499
319 2.2295 1.33812 6.6535
320 2.2365 1.32997 6.71201
321 2.2435 1.32754 6.77078
322 2.2505 1.34868 6.83086
323 2.2575 1.31926 6.89
324 2.2645 1.3301 6.94999
325 2.2715 1.33086 7.01039
326 2.2785 1.31854 7.0706
327 2.2855 1.30847 7.13071
328 2.2925 1.31723 7.1916
329 2.2995 1.31581 7.2528
330 2.3065 1.31927 7.31453
331 2.3135 1.32658 7.37698
332 2.3205 1.33239 7.44009
333 2.3275 1.30464 7.50225
334 2.3345 1.31399 7.56524
335 2.3415 1.32099 7.62894
336 2.3485 1.329 7.69341
337 2.3555 1.3243 7.75804
338 2.3625 1.29937 7.82183
339 2.3695 1.29562 7.88581
340 2.3765 1.27938 7.94937
341 2.3835 1.27695 8.01317
342 2.3905 1.28043 8.07753
343 2.3975 1.28147 8.14232
344 2.4045 1.2762 8.20722
345 2.4115 1.28088 8.27273
346 2.4185 1.29104 8.33915
347 2.4255 1.28563 8.40568
348 2.4325 1.28254 8.47243
349 2.4395 1.28222 8.53954
350 2.4465 1.26747 8.60627
351 2.4535 1.26057 8.67301
352 2.4605 1.25323 8.73975
353 2.4675 1.27335 8.80794
354 2.4745 1.25663 8.87562
355 2.4815 1.2541 8.94354
356 2.4885 1.25615 9.01196
357 2.4955 1.24473 9.08014
358 2.5025 1.24524 9.14873
359 2.5095 1.24943 9.21794
360 2.5165 1.23082 9.2865
361 2.5235 1.23198 9.3555
362 2.5305 1.23108 9.42484
363 2.5375 1.22598 9.49427
364 2.5445 1.23205 9.56443
365 2.5515 1.23186 9.63497
366 2.5585 1.22525 9.70551
367 2.5655 1.22367 9.77635
368 2.5725 1.21299 9.84696
369 2.5795 1.23007 9.91895
370 2.5865 1.22431 9.99099
371 2.5935 1.21692 10.063
372 2.6005 1.21473 10.1352
373 2.6075 1.21893 10.2081
374 2.6145 1.23297 10.2823
375 2.6215 1.22916 10.3566
376 2.6285 1.2156 10.4304
377 2.6355 1.21924 10.5049
378 2.6425 1.21796 10.5797
379 2.6495 1.217 10.6549
380 2.6565 1.21853 10.7305
381 2.6635 1.22393 10.8069
382 2.6705 1.20797 10.8826
383 2.6775 1.20589 10.9587
384 2.6845 1.20429 11.035
385 2.6915 1.20526 11.1118
386 2.6985 1.20887 11.1892
387 2.7055 1.20268 11.2667
388 2.7125 1.19842 11.3442
389 2.7195 1.19841 11.4222
390 2.7265 1.19804 11.5005
391 2.7335 1.2088 11.58
392 2.7405 1.20676 11.6597
393 2.7475 1.19838 11.7392
394 2.7545 1.18901 11.8186
395 2.7615 1.17643 11.8975
396 2.7685 1.18426 11.9773
397 2.7755 1.18184 12.0574
398 2.7825 1.17849 12.1377
399 2.7895 1.18137 12.2185
400 2.7965 1.17696 12.2995
401 2.8035 1.17976 12.381
402 2.8105 1.18657 12.4635
403 2.8175 1.17638 12.5456
404 2.8245 1.17939 12.6284
405 2.8315 1.17849 12.7115
406 2.8385 1.17989 12.7951
407 2.8455 1.17897 12.8791
408 2.8525 1.19655 12.9647
409 2.8595 1.18138 13.0497
410 2.8665 1.1837 13.1352
411 2.8735 1.17577 13.2206
412 2.8805 1.1932 13.3077
413 2.8875 1.18258 13.3944
414 2.8945 1.17707 13.4811
415 2.9015 1.16825 13.5676
416 2.9085 1.16745 13.6545
417 2.9155 1.17055 13.742
418 2.9225 1.1736 13.8302
419 2.9295 1.16946 13.9185
420 2.9365 1.16768 14.007
421 2.9435 1.16542 14.0958
422 2.9505 1.16026 14.1847
423 2.9575 1.16803 14.2745
424 2.9645 1.15654 14.3639
425 2.9715 1.16365 14.4543
426 2.9785 1.17285 14.5458
427 2.9855 1.16096 14.6369
428 2.9925 1.16498 14.7286
429 2.9995 1.17139 14.8213
430 3.0065 1.1603 14.9136
431 3.0135 1.16895 15.0069
432 3.0205 1.1682 15.1007
433 3.0275 1.16758 15.1948
434 3.0345 1.17289 15.2898
435 3.0415 1.16962 15.385
436 3.0485 1.1577 15.4796
437 3.0555 1.16737 15.5755
438 3.0625 1.16868 15.6719
439 3.0695 1.14348 15.7666
440 3.0765 1.15428 15.8627
441 3.0835 1.17202 15.9607
442 3.0905 1.15912 16.0581
443 3.0975 1.14787 16.155
444 3.1045 1.15296 16.2527
445 3.1115 1.15274 16.3509
446 3.1185 1.15003 16.4492
447 3.1255 1.15309 16.5483
448 3.1325 1.1574 16.6482
449 3.1395 1.15119 16.748
450 3.1465 1.15405 16.8485
451 3.1535 1.15589 16.9496
452 3.1605 1.15522 17.0511
453 3.1675 1.15002 17.1526
454 3.1745 1.15565 17.255
455 3.1815 1.14633 17.3571
456 3.1885 1.14523 17.4595
457 3.1955 1.14367 17.5622
458 3.2025 1.14486 17.6655
459 3.2095 1.14889 17.7696
460 3.2165 1.16274 17.8754
461 3.2235 1.15665 17.9811
462 3.2305 1.15856 18.0874
463 3.2375 1.14762 18.1932
464 3.2445 1.15481 18.3002
465 3.2515 1.14974 18.4071
466 3.2585 1.144 18.5139
467 3.2655 1.1505 18.6218
468 3.2725 1.13535 18.7288
469 3.2795 1.13375 18.836
470 3.2865 1.13776 18.9441
471 3.2935 1.13905 19.0528
472 3.3005 1.14638 19.1626
473 3.3075 1.12988 19.2713
474 3.3145 1.13631 19.3811
475 3.3215 1.14823 19.4926
476 3.3285 1.13845 19.6035
477 3.3355 1.1387 19.7149
478 3.3425 1.13587 19.8265
479 3.3495 1.13653 19.9387
480 3.3565 1.13278 20.051
481 3.3635 1.13566 20.164
482 3.3705 1.13183 20.2771
483 3.3775 1.11803 20.3892
484 3.3845 1.13757 20.5038
485 3.3915 1.12397 20.6176
486 3.3985 1.12707 20.7321
487 3.4055 1.12414 20.8467
488 3.4125 1.13233 20.9627
489 3.4195 1.13723 21.0797
490 3.4265 1.12853 21.1962
491 3.4335 1.12524 21.3129
492 3.4405 1.12023 21.4295
493 3.4475 1.12325 21.5469
494 3.4545 1.12318 21.6648
495 3.4615 1.12039 21.7829
496 3.4685 1.13131 21.9026
497 3.4755 1.12147 22.0218
498 3.4825 1.1181 22.141
499 3.4895 1.11546 22.2605
500 3.4965 1.11784 22.3807
